0 0.07421875 0.140625 0.09921875 0.0375
0 0.03046875 0.20546875 0.05234375 0.0765625
1 0.04296875 0.40546875 0.0734375 0.11484375
0 0.1890625 0.40546875 0.1 0.053125
0 0.153125 0.52265625 0.10078125 0.0703125
1 0.07578125 0.59765625 0.10625 0.05703125
0 0.12421875 0.765625 0.11953125 0.0484375
0 0.1703125 0.8625 0.1859375 0.04609375
0 0.4640625 0.7265625 0.08359375 0.1140625
1 0.30625 0.68984375 0.1296875 0.05625
0 0.2875 0.56953125 0.11640625 0.07734375
1 0.42265625 0.471875 0.08203125 0.075
0 0.725 0.0421875 0.1359375 0.06171875
0 0.64140625 0.671875 0.0890625 0.10703125
0 0.44921875 0.95234375 0.06796875 0.053125
1 0.53359375 0.82109375 0.05546875 0.0640625
0 0.7703125 0.7890625 0.09296875 0.07109375
0 0.86171875 0.73828125 0.07109375 0.046875
0 0.88515625 0.33671875 0.153125 0.0484375
0 0.45546875 0.190625 0.16953125 0.05078125