1 0.103125 0.1015625 0.06640625 0.065625
1 0.05625 0.03203125 0.06796875 0.05859375
0 0.1234375 0.1578125 0.06953125 0.0296875
2 0.07265625 0.49609375 0.1234375 0.05625
2 0.0515625 0.57734375 0.08359375 0.06484375
0 0.02421875 0.89921875 0.0484375 0.08125
0 0.16953125 0.94453125 0.05625 0.11015625
0 0.2640625 0.97421875 0.06171875 0.0484375
0 0.4734375 0.63515625 0.109375 0.06484375
1 0.44921875 0.32265625 0.19140625 0.0953125
2 0.96328125 0.6015625 0.0703125 0.09375
2 0.584375 0.7921875 0.0984375 0.0421875
0 0.36640625 0.86171875 0.13515625 0.05625
2 0.41015625 0.14921875 0.14765625 0.0703125