1 0.175 0.03359375 0.16484375 0.0671875
0 0.3453125 0.0921875 0.12421875 0.0890625
2 0.20078125 0.25859375 0.17890625 0.0609375
1 0.05078125 0.35 0.10078125 0.07109375
1 0.3046875 0.32578125 0.184375 0.06328125
1 0.24375 0.3984375 0.0734375 0.06328125
1 0.26015625 0.5125 0.15390625 0.08203125
0 0.3796875 0.521875 0.0671875 0.0859375
0 0.2140625 0.6453125 0.084375 0.08125
1 0.028125 0.70078125 0.05546875 0.0828125
1 0.23203125 0.978125 0.1734375 0.04375
1 0.7078125 0.96640625 0.05703125 0.06640625
0 0.534375 0.78984375 0.1 0.0875
0 0.67890625 0.628125 0.1453125 0.09296875
0 0.84375 0.62890625 0.17265625 0.08515625
1 0.76015625 0.7703125 0.2484375 0.12421875
0 0.63359375 0.52265625 0.19375 0.05625
0 0.909375 0.55234375 0.134375 0.0875
0 0.6484375 0.3921875 0.13515625 0.09453125
0 0.8453125 0.1890625 0.1359375 0.05703125
1 0.86640625 0.090625 0.15703125 0.084375
0 0.55625 0.43046875 0.071875 0.06875