0 0.31640625 0.21328125 0.0859375 0.08515625
1 0.5 0.16875 0.0734375 0.103125
1 0.34609375 0.1765625 0.1359375 0.09140625
0 0.19453125 0.40078125 0.153125 0.10390625
1 0.3515625 0.4203125 0.11640625 0.07421875
1 0.4078125 0.36796875 0.1921875 0.0734375
0 0.4984375 0.6234375 0.103125 0.078125
0 0.09765625 0.8984375 0.07109375 0.15078125
2 0.43203125 0.90625 0.08515625 0.05546875
2 0.66484375 0.66484375 0.1109375 0.05390625
0 0.77265625 0.42578125 0.065625 0.10625
1 0.96015625 0.63046875 0.0796875 0.06328125
1 0.94921875 0.77890625 0.10078125 0.08828125
0 0.790625 0.85859375 0.06328125 0.053125
0 0.7046875 0.52734375 0.04765625 0.09921875