2 0.17421875 0.17265625 0.07578125 0.10703125
1 0.3296875 0.19296875 0.09921875 0.14609375
0 0.0515625 0.26015625 0.103125 0.10078125
1 0.246875 0.3171875 0.1359375 0.05859375
0 0.375 0.375 0.1109375 0.09140625
0 0.11015625 0.490625 0.09609375 0.04765625
0 0.3375 0.6796875 0.08125 0.10078125
0 0.22421875 0.70234375 0.1140625 0.06171875
0 0.22578125 0.83359375 0.1265625 0.0765625
0 0.14140625 0.91953125 0.10703125 0.03984375
0 0.50625 0.6375 0.09765625 0.06171875
0 0.3984375 0.5984375 0.06171875 0.0578125
0 0.60390625 0.221875 0.05546875 0.0984375
0 0.7109375 0.2734375 0.09921875 0.071875
1 0.72890625 0.35078125 0.10546875 0.053125
1 0.82578125 0.36953125 0.078125 0.06015625
1 0.965625 0.40390625 0.06015625 0.05859375
0 0.8234375 0.18203125 0.1046875 0.1046875
1 0.9234375 0.2625 0.05390625 0.07578125
1 0.87578125 0.43515625 0.07265625 0.065625
0 0.640625 0.571875 0.0609375 0.0703125
0 0.7078125 0.76640625 0.0890625 0.078125
0 0.534375 0.975 0.13515625 0.0359375