0 0.19921875 0.08984375 0.10625 0.08203125
0 0.0390625 0.0328125 0.07421875 0.04765625
0 0.321875 0.246875 0.09609375 0.06875
0 0.0671875 0.365625 0.11875 0.0640625
1 0.1359375 0.45546875 0.071875 0.09453125
0 0.23984375 0.7375 0.1296875 0.08984375
0 0.3578125 0.88828125 0.109375 0.0609375
0 0.69921875 0.88125 0.11171875 0.13671875
0 0.528125 0.72421875 0.08828125 0.0390625
0 0.515625 0.52890625 0.0609375 0.08203125
0 0.5328125 0.38359375 0.071875 0.10625
0 0.45078125 0.17734375 0.11875 0.14453125
1 0.82578125 0.26484375 0.16640625 0.0890625
0 0.646875 0.34765625 0.16171875 0.05703125
0 0.840625 0.40859375 0.115625 0.0609375
1 0.98359375 0.38359375 0.0328125 0.065625
0 0.93203125 0.6375 0.11875 0.07109375