0 0.59921875 0.5796875 0.09921875 0.0421875
0 0.43359375 0.5609375 0.06875 0.02890625
0 0.73515625 0.846875 0.0875 0.05234375
0 0.83984375 0.90625 0.12734375 0.0390625
0 0.88125 0.7046875 0.08046875 0.0609375
0 0.92265625 0.38984375 0.11328125 0.10234375
0 0.9296875 0.0359375 0.140625 0.05625
0 0.51484375 0.19765625 0.08515625 0.04140625
0 0.4453125 0.12890625 0.22109375 0.03828125
0 0.53125 0.43515625 0.08125 0.040625
0 0.43046875 0.61484375 0.05625 0.0609375
0 0.51953125 0.51015625 0.11796875 0.059375
0 0.5421875 0.8015625 0.10078125 0.0375
0 0.165625 0.90703125 0.05234375 0.04296875
0 0.09921875 0.88828125 0.04296875 0.0453125
0 0.1609375 0.68515625 0.05546875 0.025
0 0.11171875 0.68984375 0.0453125 0.0640625
0 0.1640625 0.56328125 0.115625 0.0421875
0 0.2640625 0.52109375 0.13515625 0.0453125
0 0.04453125 0.4921875 0.06640625 0.04765625
0 0.0546875 0.3796875 0.08203125 0.05703125
0 0.32109375 0.33515625 0.10078125 0.0453125
0 0.1328125 0.284375 0.0890625 0.05234375
0 0.24140625 0.21640625 0.12734375 0.040625
0 0.1078125 0.165625 0.1109375 0.02890625
2 0.046875 0.08515625 0.075 0.0515625
2 0.1859375 0.0328125 0.06328125 0.06484375