2 0.2453125 0.03984375 0.16953125 0.0640625
2 0.09140625 0.16328125 0.10234375 0.06015625
2 0.17890625 0.2515625 0.05234375 0.0828125
2 0.2328125 0.403125 0.13828125 0.0875
2 0.12265625 0.54140625 0.115625 0.075
2 0.234375 0.7515625 0.12578125 0.0890625
2 0.51640625 0.83125 0.1828125 0.04921875
1 0.9625 0.76796875 0.075 0.0703125
1 0.965625 0.6609375 0.06875 0.053125
1 0.8796875 0.8234375 0.10390625 0.08203125
0 0.325 0.57734375 0.09296875 0.1125
0 0.584375 0.353125 0.06640625 0.10390625
2 0.87421875 0.1328125 0.10859375 0.06953125
2 0.41015625 0.1359375 0.1171875 0.046875
2 0.353125 0.81796875 0.08125 0.05546875