1 0.3703125 0.03046875 0.26875 0.0609375
0 0.09140625 0.10625 0.09609375 0.0828125
1 0.38359375 0.19453125 0.22578125 0.059375
0 0.25 0.38828125 0.08984375 0.07109375
0 0.1375 0.69296875 0.18359375 0.05625
0 0.11875 0.81640625 0.21796875 0.0875
0 0.54375 0.8109375 0.0546875 0.08125
1 0.49765625 0.615625 0.2453125 0.0625
1 0.64375 0.67734375 0.12734375 0.05078125
1 0.74375 0.6765625 0.05546875 0.153125
1 0.6671875 0.3921875 0.16484375 0.0953125
1 0.734375 0.54375 0.10625 0.06484375
0 0.70703125 0.1640625 0.1296875 0.08203125
0 0.91484375 0.53828125 0.14921875 0.0578125
0 0.7796875 0.8234375 0.0640625 0.08828125