0 0.13203125 0.06484375 0.08203125 0.0609375
0 0.12890625 0.13359375 0.07578125 0.06171875
0 0.09609375 0.1859375 0.09296875 0.04609375
0 0.2796875 0.23828125 0.075 0.0515625
0 0.40234375 0.51171875 0.12421875 0.07578125
0 0.34296875 0.634375 0.04140625 0.0875
0 0.18359375 0.81015625 0.1203125 0.053125
0 0.29375 0.8453125 0.0390625 0.06015625
0 0.24296875 0.9546875 0.034375 0.0703125
0 0.46484375 0.94609375 0.071875 0.04921875
1 0.59140625 0.94453125 0.12109375 0.053125
0 0.4796875 0.65546875 0.0765625 0.06171875
1 0.36484375 0.08203125 0.08671875 0.12421875
1 0.5359375 0.04140625 0.109375 0.06640625
1 0.90234375 0.21484375 0.17265625 0.046875
1 0.67734375 0.46171875 0.140625 0.07109375
0 0.85546875 0.5109375 0.1265625 0.04453125
0 0.86875 0.9375 0.08203125 0.0578125
0 0.6859375 0.6171875 0.05859375 0.07734375
0 0.746875 0.946875 0.0671875 0.075