1 0.20234375 0.075 0.1421875 0.11796875
0 0.60390625 0.1546875 0.23359375 0.11640625
0 0.48984375 0.35234375 0.10078125 0.07890625
0 0.1546875 0.34375 0.1765625 0.0546875
1 0.34296875 0.578125 0.121875 0.1296875
0 0.53828125 0.9265625 0.1265625 0.14609375
0 0.053125 0.68359375 0.084375 0.1
2 0.3703125 0.71640625 0.1390625 0.0890625
2 0.51171875 0.61328125 0.05 0.11640625
0 0.63125 0.49453125 0.121875 0.05625
0 0.759375 0.45703125 0.06796875 0.07421875
2 0.9234375 0.37109375 0.10859375 0.07421875
0 0.890625 0.73125 0.0984375 0.13125
1 0.79375 0.59609375 0.1453125 0.090625
1 0.48125 0.971875 0.1046875 0.05625