2 0.3921875 0.03828125 0.11796875 0.0703125
2 0.55703125 0.02890625 0.08515625 0.046875
0 0.5328125 0.07109375 0.11015625 0.0453125
0 0.653125 0.0515625 0.06875 0.084375
1 0.875 0.13046875 0.0921875 0.07421875
2 0.79375 0.2140625 0.0765625 0.0625
0 0.696875 0.25546875 0.0734375 0.084375
0 0.5484375 0.2296875 0.0765625 0.0484375
0 0.4203125 0.25390625 0.084375 0.04765625
1 0.15859375 0.81171875 0.08984375 0.08359375
0 0.609375 0.8234375 0.0640625 0.09375
0 0.60078125 0.5 0.04921875 0.09296875
1 0.7546875 0.44375 0.0796875 0.12265625
1 0.90625 0.646875 0.1265625 0.0390625
1 0.81796875 0.653125 0.090625 0.07734375
1 0.51953125 0.171875 0.09453125 0.05390625
2 0.45078125 0.634375 0.05390625 0.08046875