0 0.27265625 0.0359375 0.121875 0.065625
0 0.2859375 0.15 0.04453125 0.08359375
1 0.3484375 0.1828125 0.10546875 0.09453125
0 0.271875 0.2921875 0.12265625 0.0625
0 0.44375 0.27578125 0.1140625 0.0640625
0 0.2765625 0.409375 0.09921875 0.08828125
1 0.396875 0.4921875 0.20234375 0.075
0 0.03828125 0.55390625 0.0765625 0.07109375
1 0.38359375 0.64140625 0.1390625 0.05625
0 0.2453125 0.659375 0.03671875 0.06640625
0 0.0890625 0.75390625 0.0609375 0.06875
1 0.43515625 0.75703125 0.24453125 0.078125
0 0.315625 0.8890625 0.08671875 0.15
0 0.575 0.87265625 0.08203125 0.059375
0 0.62578125 0.8125 0.05 0.08515625
0 0.6890625 0.75546875 0.0875 0.06484375
0 0.565625 0.6484375 0.053125 0.05625
0 0.571875 0.3484375 0.1078125 0.04921875
1 0.4984375 0.390625 0.1703125 0.075
0 0.56796875 0.11796875 0.12421875 0.04375
0 0.9421875 0.0265625 0.0875 0.05234375
1 0.853125 0.04140625 0.0625 0.0828125
0 0.93359375 0.1703125 0.08515625 0.08046875
0 0.87421875 0.25859375 0.07265625 0.07734375
0 0.84296875 0.37109375 0.0578125 0.1109375
1 0.8984375 0.37578125 0.06328125 0.04453125
1 0.85078125 0.5890625 0.05234375 0.109375
0 0.8828125 0.84765625 0.04609375 0.09453125
0 0.91875 0.73984375 0.06015625 0.06640625