0 0.13046875 0.309375 0.065625 0.0375
2 0.0296875 0.87890625 0.03203125 0.05
1 0.31171875 0.95 0.09140625 0.08359375
0 0.4328125 0.653125 0.03671875 0.078125
1 0.2875 0.46640625 0.0734375 0.04375
0 0.4859375 0.0125 0.046875 0.025
2 0.85078125 0.2203125 0.05625 0.02421875
0 0.66015625 0.49921875 0.0328125 0.07421875
1 0.92421875 0.5359375 0.1390625 0.04921875
1 0.896875 0.67421875 0.096875 0.04140625
1 0.90078125 0.746875 0.065625 0.03671875
1 0.95625 0.77578125 0.0734375 0.05625
0 0.72890625 0.8953125 0.0328125 0.04296875