1 0.12109375 0.08203125 0.0609375 0.08359375
0 0.3515625 0.09921875 0.10078125 0.09921875
0 0.40859375 0.18203125 0.06640625 0.05
0 0.1484375 0.17890625 0.09765625 0.05625
0 0.1125 0.26875 0.0875 0.0859375
1 0.43828125 0.27890625 0.171875 0.07578125
0 0.0671875 0.415625 0.1 0.0765625
0 0.33671875 0.39375 0.08203125 0.0546875
0 0.4828125 0.465625 0.0765625 0.07421875
0 0.4109375 0.54140625 0.10234375 0.04453125
0 0.4375 0.65234375 0.0765625 0.0625
0 0.09375 0.5625 0.07734375 0.08359375
0 0.05390625 0.6609375 0.0875 0.0640625
0 0.07578125 0.85703125 0.06875 0.09375
0 0.64765625 0.9234375 0.0703125 0.04296875
0 0.54140625 0.90703125 0.0796875 0.05859375
0 0.63984375 0.97578125 0.06953125 0.0453125
1 0.57890625 0.5953125 0.20703125 0.05546875
0 0.61640625 0.528125 0.096875 0.06953125
0 0.59296875 0.45 0.05625 0.08125
0 0.5296875 0.3578125 0.1015625 0.0609375
0 0.76484375 0.3796875 0.07109375 0.08125
0 0.621875 0.3171875 0.04765625 0.04921875
0 0.55 0.12109375 0.16328125 0.06796875
0 0.77734375 0.08671875 0.1125 0.03984375
0 0.840625 0.1375 0.0890625 0.0578125
0 0.83125 0.53671875 0.11015625 0.153125
0 0.96171875 0.625 0.0671875 0.0796875