2 0.3453125 0.0765625 0.1390625 0.06875
2 0.13984375 0.13046875 0.08125 0.08984375
0 0.09375 0.3265625 0.08984375 0.09140625
0 0.0390625 0.421875 0.06171875 0.1390625
0 0.1828125 0.5203125 0.1125 0.0765625
0 0.11015625 0.87265625 0.07421875 0.1078125
0 0.0828125 0.74453125 0.09140625 0.07578125
1 0.30625 0.8953125 0.140625 0.07890625
0 0.29375 0.7625 0.0734375 0.08125
1 0.23203125 0.684375 0.10546875 0.09296875
1 0.33515625 0.61015625 0.10390625 0.07421875
0 0.29609375 0.54296875 0.090625 0.06875
0 0.48046875 0.50703125 0.1546875 0.06328125
1 0.3296875 0.3609375 0.12265625 0.05546875
0 0.83203125 0.053125 0.11015625 0.075
1 0.59765625 0.11484375 0.07109375 0.0515625
1 0.93046875 0.2328125 0.109375 0.08046875
1 0.8734375 0.32734375 0.09609375 0.09375
0 0.9390625 0.5140625 0.1078125 0.0796875
0 0.934375 0.4171875 0.07734375 0.06484375
0 0.96875 0.76875 0.0625 0.10859375
0 0.72734375 0.5875 0.0484375 0.0578125