1 0.2359375 0.0578125 0.175 0.08984375
0 0.1640625 0.21875 0.08515625 0.084375
0 0.17265625 0.42265625 0.07421875 0.06640625
0 0.2171875 0.4890625 0.08203125 0.0953125
0 0.0984375 0.60078125 0.07890625 0.078125
0 0.1296875 0.5078125 0.07421875 0.115625
0 0.0390625 0.78828125 0.0640625 0.059375
0 0.45234375 0.96484375 0.05625 0.06015625
0 0.47890625 0.58984375 0.0953125 0.0609375
0 0.3640625 0.1234375 0.0703125 0.0578125
0 0.6328125 0.11015625 0.0984375 0.1484375
0 0.93671875 0.18046875 0.09296875 0.03125
2 0.7796875 0.221875 0.13125 0.05
1 0.57265625 0.57109375 0.0703125 0.11796875
1 0.6859375 0.7515625 0.11015625 0.05
1 0.38671875 0.91796875 0.1171875 0.0484375