2 0.034375 0.065625 0.065625 0.0578125
1 0.449198728125 0.13823766875000001 0.526524271875 0.17426821875 0.5219215625 0.13168663125 0.48878206406249997 0.0948372 0.45380143906250003 0.0645387921875 0.40409215468750004 0.026870434375000002 0.3230844984375 0.018681668749999998 0.315720134375 0.025232690624999998 0.36174723593749997 0.0727275578125 0.449198728125 0.13823766875000001
0 0.8765625 0.20078125 0.246875 0.0546875
1 0.9578125 0.39375 0.08359375 0.04765625
0 0.86484375 0.85390625 0.05 0.11484375
0 0.9171875 0.92109375 0.04609375 0.08203125
1 0.3765625 0.9515625 0.17265625 0.06484375
0 0.19375 0.9640625 0.09140625 0.071875
1 0.16875 0.8390625 0.05 0.13515625
1 0.18984375 0.27578125 0.06640625 0.09921875
0 0.51015625 0.35546875 0.0765625 0.1109375
0 0.60859375 0.5375 0.1125 0.046875
0 0.340625 0.53046875 0.0546875 0.04453125