0 0.35 0.04296875 0.171875 0.0859375
0 0.1515625 0.1875 0.115625 0.0359375
0 0.16953125 0.24296875 0.090625 0.059375
0 0.41953125 0.27265625 0.1046875 0.0578125
0 0.28125 0.42421875 0.059375 0.13125
0 0.0328125 0.4265625 0.05078125 0.0859375
0 0.30390625 0.553125 0.0546875 0.0625
0 0.44453125 0.86484375 0.09140625 0.07734375
0 0.21640625 0.8890625 0.07421875 0.05625
0 0.51484375 0.78984375 0.0734375 0.1125
0 0.3953125 0.759375 0.075 0.06328125
1 0.490625 0.1046875 0.09453125 0.1453125
0 0.60625 0.140625 0.0765625 0.08984375
0 0.94921875 0.09765625 0.1015625 0.0578125
0 0.7828125 0.2265625 0.096875 0.0625
1 0.8265625 0.296875 0.1265625 0.07265625
0 0.79375 0.03984375 0.0671875 0.06953125
0 0.703125 0.18125 0.059375 0.08515625
0 0.89140625 0.5625 0.06640625 0.05234375
0 0.09609375 0.53671875 0.09765625 0.07265625
0 0.22421875 0.78203125 0.0578125 0.05625