1 0.796875 0.54375 0.2484375 0.0609375
0 0.87890625 0.6703125 0.10390625 0.08671875
1 0.753125 0.859375 0.21328125 0.06328125
1 0.27265625 0.84765625 0.25546875 0.0609375
1 0.25078125 0.60234375 0.0828125 0.0578125
0 0.04921875 0.55859375 0.09609375 0.05859375
0 0.58671875 0.55859375 0.17734375 0.08359375
0 0.040625 0.49140625 0.08125 0.04765625
1 0.3734375 0.40703125 0.1265625 0.0703125
0 0.07109375 0.3765625 0.1375 0.078125
0 0.425 0.0296875 0.06015625 0.059375
0 0.59140625 0.14140625 0.0734375 0.06328125
0 0.41796875 0.21796875 0.1234375 0.06953125
0 0.18359375 0.09140625 0.1390625 0.0484375
0 0.0734375 0.209375 0.0984375 0.053125
0 0.03203125 0.0921875 0.0640625 0.08828125