0 0.771875 0.86171875 0.1296875 0.0734375
0 0.90390625 0.8546875 0.11328125 0.096875
1 0.93046875 0.6375 0.08828125 0.09375
0 0.96484375 0.109375 0.0703125 0.11953125
0 0.8640625 0.184375 0.065625 0.07734375
0 0.80859375 0.19140625 0.08203125 0.16015625
0 0.53203125 0.21640625 0.1078125 0.11328125
0 0.446875 0.2375 0.06875 0.12109375
0 0.77890625 0.71015625 0.14765625 0.0765625
0 0.5421875 0.66796875 0.15390625 0.0546875
0 0.31875 0.92578125 0.1421875 0.12890625
0 0.17578125 0.65 0.11953125 0.0796875
0 0.059375 0.5125 0.11015625 0.0703125
0 0.184375 0.16640625 0.0390625 0.06640625
0 0.0796875 0.23828125 0.05859375 0.05703125
1 0.22890625 0.0328125 0.096875 0.06484375