0 0.24375 0.94453125 0.14765625 0.0421875
2 0.93125 0.92421875 0.0984375 0.03515625
0 0.95 0.696875 0.06171875 0.03984375
0 0.96328125 0.80625 0.0546875 0.08671875
1 0.95625 0.21015625 0.0875 0.0984375
0 0.84296875 0.1875 0.09609375 0.0515625
0 0.815625 0.07421875 0.1 0.0625
1 0.55703125 0.47421875 0.07109375 0.07890625
0 0.65703125 0.60390625 0.13359375 0.03515625
0 0.41875 0.75234375 0.08828125 0.03828125
2 0.6671875 0.93125 0.08046875 0.0296875
0 0.715625 0.975 0.0359375 0.05
0 0.23828125 0.84453125 0.0765625 0.0421875
0 0.08125 0.815625 0.11875 0.0296875
0 0.2 0.28984375 0.10625 0.04375
0 0.27890625 0.08125 0.134375 0.04375