2 0.13671875 0.278125 0.16796875 0.15390625
2 0.05 0.38046875 0.1 0.1203125
2 0.2 0.53125 0.2015625 0.25859375
2 0.0515625 0.57578125 0.103125 0.1609375
0 0.553125 0.39765625 0.21796875 0.09765625
2 0.76953125 0.403125 0.25 0.12734375
2 0.9296875 0.4875 0.13828125 0.159375
1 0.340625 0.23359375 0.4171875 0.115625
0 0.2109375 0.0703125 0.2078125 0.13984375
1 0.55 0.8375 0.39296875 0.153125
1 0.55078125 0.11171875 0.1921875 0.15390625
1 0.38203125 0.9234375 0.15625 0.153125
0 0.228125 0.85234375 0.12734375 0.15703125