2 0.17109375 0.38671875 0.08203125 0.0703125
0 0.1203125 0.58828125 0.2046875 0.0703125
0 0.2421875 0.5265625 0.10625 0.14375
0 0.209375 0.721875 0.12734375 0.11640625
0 0.165625 0.9703125 0.0703125 0.053125
0 0.625 0.9484375 0.096875 0.06171875
1 0.54609375 0.859375 0.159375 0.0546875
1 0.478125 0.40546875 0.24296875 0.05625
1 0.4328125 0.3015625 0.09453125 0.11484375
1 0.52578125 0.0375 0.2828125 0.07109375
0 0.86015625 0.04921875 0.084375 0.0734375
1 0.94140625 0.61953125 0.06953125 0.1296875
1 0.959375 0.815625 0.07734375 0.09375