2 0.91015625 0.65078125 0.0859375 0.090625
0 0.96015625 0.4671875 0.0484375 0.11328125
1 0.9625 0.35859375 0.075 0.04765625
1 0.9328125 0.2625 0.13125 0.10859375
0 0.83828125 0.12890625 0.05625 0.08125
0 0.7 0.03515625 0.06640625 0.0703125
0 0.4921875 0.4390625 0.06796875 0.07890625
2 0.678125 0.725 0.07421875 0.05078125
2 0.41640625 0.8828125 0.0765625 0.04921875
1 0.58125 0.62421875 0.05859375 0.1
0 0.5328125 0.5796875 0.075 0.065625
0 0.3390625 0.45859375 0.05546875 0.06015625
1 0.128125 0.4421875 0.12890625 0.12265625
2 0.50234375 0.32421875 0.0828125 0.06953125
0 0.25625 0.25078125 0.0828125 0.06953125