0 0.940625 0.69375 0.071875 0.03828125
0 0.79453125 0.6140625 0.05078125 0.06640625
0 0.8875 0.12421875 0.03203125 0.040625
0 0.83984375 0.10390625 0.04765625 0.08671875
0 0.553125 0.03359375 0.078125 0.0671875
1 0.58359375 0.26484375 0.06953125 0.09140625
0 0.3828125 0.45703125 0.05234375 0.07890625
0 0.6859375 0.70546875 0.12578125 0.05390625
0 0.23828125 0.86875 0.06015625 0.08671875
0 0.20859375 0.63515625 0.07109375 0.065625
1 0.0984375 0.4796875 0.05 0.0625
0 0.12109375 0.55 0.059375 0.0796875
0 0.32890625 0.05859375 0.05546875 0.09921875
0 0.06796875 0.02734375 0.0390625 0.05390625