0 0.06796875 0.04765625 0.11796875 0.06953125
0 0.2609375 0.27109375 0.07890625 0.078125
0 0.16015625 0.68125 0.20390625 0.078125
0 0.19453125 0.73828125 0.08359375 0.0390625
1 0.078125 0.9 0.0859375 0.16875
0 0.39453125 0.6421875 0.06953125 0.07265625
0 0.6890625 0.27734375 0.0625 0.06171875
1 0.4765625 0.353125 0.1234375 0.08046875
0 0.63984375 0.05546875 0.065625 0.07890625
0 0.77734375 0.15625 0.09375 0.06015625
1 0.9359375 0.11171875 0.0796875 0.1140625
1 0.8484375 0.50625 0.11328125 0.05
1 0.97421875 0.52265625 0.0515625 0.0625
0 0.965625 0.64609375 0.0640625 0.09609375
1 0.94921875 0.91171875 0.0609375 0.12578125