2 0.078125 0.17109375 0.078125 0.06015625
0 0.09453125 0.33828125 0.11171875 0.059375
2 0.0625 0.44296875 0.0734375 0.0453125
0 0.41328125 0.44375 0.0625 0.03515625
2 0.3609375 0.4234375 0.059375 0.03125
0 0.40546875 0.27890625 0.07578125 0.03984375
1 0.2859375 0.30234375 0.0484375 0.02734375
0 0.56484375 0.37421875 0.0484375 0.07890625
0 0.5515625 0.59765625 0.09453125 0.040625
1 0.55625 0.87109375 0.08125 0.04375
1 0.77890625 0.87890625 0.0640625 0.05390625
0 0.72578125 0.8109375 0.09765625 0.04609375