0 0.25 0.36484375 0.1359375 0.10703125
2 0.29296875 0.77421875 0.115625 0.0875
2 0.32265625 0.86171875 0.125 0.08203125
0 0.684375 0.6203125 0.09296875 0.14609375
0 0.490625 0.634375 0.14296875 0.09609375
0 0.61328125 0.5390625 0.0734375 0.06640625
0 0.4390625 0.40078125 0.13515625 0.09921875
2 0.621875 0.05703125 0.08125 0.05234375
0 0.8328125 0.51484375 0.1484375 0.07421875
0 0.9421875 0.65546875 0.05703125 0.05703125
0 0.96328125 0.57265625 0.06875 0.053125
1 0.44921875 0.5703125 0.19609375 0.04140625