0 0.2296875 0.14453125 0.06171875 0.06953125
0 0.09375 0.2 0.10859375 0.0390625
1 0.34765625 0.23828125 0.13984375 0.06796875
2 0.03984375 0.390625 0.07890625 0.05234375
1 0.26328125 0.5234375 0.1578125 0.07578125
0 0.03984375 0.66171875 0.0671875 0.1671875
1 0.22265625 0.81640625 0.13203125 0.06875
0 0.08046875 0.8875 0.0984375 0.0421875
1 0.52421875 0.98046875 0.1078125 0.0390625
1 0.715625 0.8671875 0.1921875 0.06171875
0 0.790625 0.8125 0.06796875 0.07734375
0 0.91875 0.89453125 0.05859375 0.06640625
0 0.9484375 0.9640625 0.09140625 0.053125
2 0.66875 0.63203125 0.15078125 0.05078125
0 0.86484375 0.38203125 0.14921875 0.125
0 0.82109375 0.24375 0.11640625 0.10546875
0 0.640625 0.275 0.065625 0.0890625
0 0.521875 0.29765625 0.05859375 0.0671875
0 0.54140625 0.14140625 0.121875 0.05703125
1 0.8625 0.1171875 0.078125 0.078125
1 0.7 0.2234375 0.15703125 0.0765625
0 0.34921875 0.825 0.0671875 0.12109375