2 0.3578125 0.2203125 0.04921875 0.10546875
2 0.32734375 0.146875 0.06171875 0.04921875
2 0.4015625 0.11015625 0.0578125 0.065625
2 0.11953125 0.09453125 0.0671875 0.034375
2 0.15546875 0.228125 0.109375 0.04375
1 0.18984375 0.31328125 0.0640625 0.04609375
0 0.125 0.471875 0.075 0.046875
0 0.25625 0.5234375 0.08828125 0.0828125
2 0.62109375 0.6296875 0.17734375 0.0625
0 0.6171875 0.0359375 0.09453125 0.03671875
2 0.68125 0.3671875 0.090625 0.0484375
2 0.84453125 0.41328125 0.0484375 0.08046875
1 0.87421875 0.29609375 0.04921875 0.05
1 0.98359375 0.51640625 0.0328125 0.12421875
2 0.9046875 0.59296875 0.06875 0.0453125
1 0.7703125 0.73203125 0.096875 0.03359375
1 0.76484375 0.69375 0.06328125 0.04375
1 0.740625 0.896875 0.07734375 0.0546875
1 0.75 0.96640625 0.05703125 0.0578125