0 0.1359375 0.28984375 0.25859375 0.2078125
0 0.22265625 0.09609375 0.26015625 0.19140625
0 0.8765625 0.09765625 0.2125 0.15234375
0 0.82734375 0.340625 0.17890625 0.2203125
0 0.93515625 0.46328125 0.12890625 0.19609375
1 0.3765625 0.23828125 0.2375 0.153125
1 0.66015625 0.48671875 0.146875 0.12890625
1 0.7796875 0.61796875 0.38828125 0.1453125
0 0.86484375 0.85390625 0.25859375 0.25390625
0 0.3734375 0.57265625 0.24609375 0.14453125
2 0.08828125 0.57109375 0.17578125 0.22109375
1 0.65078125 0.17109375 0.1578125 0.17421875