2 0.5453125 0.8546875 0.08046875 0.08828125
2 0.47265625 0.77421875 0.0390625 0.0734375
2 0.478125 0.94453125 0.06328125 0.08046875
1 0.7609375 0.8953125 0.1609375 0.0796875
1 0.50625 0.66640625 0.046875 0.0953125
2 0.34375 0.61484375 0.090625 0.040625
0 0.28359375 0.34375 0.0796875 0.08359375
0 0.50625 0.23671875 0.1171875 0.1296875
2 0.50390625 0.04296875 0.059375 0.078125
2 0.60234375 0.04765625 0.128125 0.053125
2 0.9640625 0.06796875 0.071875 0.0734375
1 0.89921875 0.46484375 0.0765625 0.16640625
1 0.96796875 0.60703125 0.06328125 0.05
1 0.9359375 0.8078125 0.0640625 0.06953125
2 0.10859375 0.0796875 0.07421875 0.0421875