0 0.14375 0.2765625 0.14921875 0.07109375
0 0.284375 0.37421875 0.10625 0.0328125
0 0.1671875 0.46015625 0.1203125 0.078125
0 0.4390625 0.47265625 0.0734375 0.05
0 0.0703125 0.9296875 0.0890625 0.06953125
1 0.31640625 0.95078125 0.30390625 0.07265625
0 0.87578125 0.93359375 0.14140625 0.04921875
0 0.69375 0.65234375 0.10078125 0.05234375
1 0.89765625 0.4046875 0.2046875 0.05390625
0 0.4890625 0.32578125 0.1109375 0.04765625
0 0.66796875 0.3140625 0.12578125 0.05078125
0 0.95234375 0.1890625 0.08046875 0.10390625
1 0.92890625 0.128125 0.1421875 0.05234375
2 0.6359375 0.15625 0.11484375 0.0921875