0 0.42734375 0.6859375 0.240625 0.1359375
1 0.42421875 0.82890625 0.128125 0.10703125
0 0.1578125 0.40078125 0.29140625 0.29375
0 0.20703125 0.14375 0.146875 0.221875
0 0.46328125 0.1671875 0.1578125 0.20859375
1 0.78046875 0.19375 0.1484375 0.22265625
2 0.8578125 0.06640625 0.24453125 0.1265625
0 0.85 0.665625 0.26015625 0.35
0 0.5671875 0.459375 0.12890625 0.18671875
1 0.1734375 0.85390625 0.26640625 0.10390625
1 0.63828125 0.7265625 0.1171875 0.1671875
1 0.3484375 0.378125 0.134375 0.10546875
1 0.609375 0.06640625 0.07578125 0.1328125