0 0.084375 0.2109375 0.09765625 0.03671875
1 0.18359375 0.38203125 0.05 0.0484375
0 0.171875 0.33671875 0.0484375 0.03046875
1 0.15234375 0.46015625 0.10859375 0.034375
0 0.17421875 0.88046875 0.11875 0.0359375
0 0.2234375 0.9578125 0.03515625 0.07109375
1 0.66640625 0.9828125 0.1953125 0.034375
1 0.3796875 0.859375 0.11640625 0.04140625
1 0.63984375 0.6828125 0.06484375 0.05546875
1 0.4546875 0.38828125 0.05 0.04921875
0 0.4734375 0.175 0.05390625 0.059375
1 0.94375 0.37578125 0.05390625 0.07890625
0 0.8203125 0.9109375 0.07578125 0.0453125