0 0.9015625 0.88203125 0.028125 0.07109375
2 0.7578125 0.4921875 0.03203125 0.02734375
2 0.7953125 0.38515625 0.04921875 0.0296875
2 0.928125 0.32421875 0.03828125 0.03203125
0 0.846875 0.2953125 0.05625 0.03046875
0 0.84921875 0.11953125 0.03046875 0.03828125
1 0.5875 0.11484375 0.0703125 0.04453125
1 0.390625 0.89140625 0.08203125 0.06328125
2 0.06015625 0.9578125 0.06640625 0.03671875
0 0.1171875 0.72265625 0.11171875 0.028125
0 0.27734375 0.49453125 0.05 0.06015625
0 0.13515625 0.41484375 0.07734375 0.05234375
0 0.0328125 0.24296875 0.04609375 0.02890625
2 0.1265625 0.1375 0.06171875 0.0484375