0 0.15234375 0.7828125 0.27421875 0.21015625
0 0.315625 0.89140625 0.24609375 0.19140625
0 0.39453125 0.49296875 0.16953125 0.3359375
0 0.5234375 0.48203125 0.19140625 0.12421875
0 0.159375 0.475 0.25390625 0.184375
1 0.8578125 0.39453125 0.2828125 0.2484375
1 0.46015625 0.24453125 0.0828125 0.17109375
0 0.68359375 0.546875 0.13671875 0.14375
1 0.59609375 0.0359375 0.19296875 0.071875
0 0.46953125 0.084375 0.23203125 0.16875
0 0.22109375 0.03984375 0.10625 0.0796875
0 0.228125 0.27578125 0.1875 0.1640625
0 0.9171875 0.66015625 0.165625 0.1078125