1 0.4484375 0.13828125 0.09375 0.2453125
0 0.05078125 0.46796875 0.10078125 0.14765625
2 0.3625 0.3921875 0.12734375 0.08046875
2 0.415625 0.475 0.18671875 0.059375
0 0.1015625 0.73359375 0.19609375 0.07890625
0 0.4296875 0.7953125 0.14140625 0.1953125
2 0.596875 0.7390625 0.10390625 0.17578125
2 0.73828125 0.32421875 0.13671875 0.096875
0 0.87109375 0.21328125 0.07421875 0.071875
2 0.91640625 0.49296875 0.15546875 0.0609375
2 0.9515625 0.64453125 0.09140625 0.11328125
2 0.80703125 0.89296875 0.12421875 0.07890625